9770
2037
3755
-7582
1936
9061
281
1775
4149
-3764
-3979
4755
-1420
-4952
9288
-9136
8527
-1064
7617
-2963
524
497
-8818
3165
-580
4693
-6834
-4773
-1666
-312
9385
-7256
1894
8646
408
8173
-7998
-5128
-4826
152
-8396
-7492
8418
-7178
5660
-2752
1786
-7564
2042
5638
7938
7004
2262
3251
-6505
7783
-1968
9423
-3141
7540
-3171
-1953
2114
-2219
3998
-6398
-3818
-1374
3917
-1907
1310
4211
8134
-7411
-4592
1894
-799
209
556
-5139
7483
-3825
8804
-3109
5283
3867
7612
5523
-9699
-6307
-5430
-1863
9697
1856
6913
-4110
9726
-3498
-380
-8808
3805
-9540
654
-5777
-831
1746
-7225
-6457
47
157
322
-7621
9793
3741
6620
-5073
-2479
9323
4927
-5415
-9246
-7989
690
-5548
6317
-9279
9798
-4394
6343
7715
4788
-3593
8787
4780
9265
6505
-4692
-2571
4171
-5384
7929
9441
5326
-4793
5978
-457
-436
-799
-7174
1792
3505
4600
1769
5536
-8648
594
7276
6184
-3873
-4370
1572
-117
-7202
-1176
9788
1094
9131
956
-8203
-594
-5950
-7310
7047
5575
6328
-9072
-485
-3981
2220
2164
8122
4983
-5411
1791
-7915
-1350
4901
-3801
6782
4099
-2102
-8400
6470
-1935
7392
4224
-6274
6666
-7125
-2907
2935
-4160
1538
4307
-4894
-3827
-4518
-9359
-5701
-1669
876
-2123
-8690
-8168
-3799
-2397
2760
8314
-6138
4301
3842
-1561
-8179
6218
3940
-172
4923
-9992
8772
-7521
-8773
-5987
4418
6265
6343
5181
1200
6092
-1287
-7009
-7299
778
-75
1382
5545
-9385
7995
2293
235
7063
185
6027
1760
5287
4991
2270
7010
8085
-1786
-1188
-5493
6627
8158
3265
-2636
3931
-5815
-3475
-838
-8143
-7244
6400
4816
1900
4562
-2200
-3804
2990
6914
1567
121
-2319
2324
-386
-4310
-8028
-4970
-5775
2384
6034
-2585
-9951
1445
-9349
5053
7800
-9323
-2687
-874
-7308
-2437
-7528
-8698
-8578
-1098
8260
8806
408
2336
4222
-227
3002
-4997
-2124
1393
-6337
2351
4903
-2512
520
7891
9672
1733
-6338
334
-793
3206
7226
-9908
4187
-4110
-2546
-9053
8657
-5828
-8910
-9661
6366
-4148
8134
5795
-9944
-1967
-2472
-364
2332
-3738
-4779
-6680
-5826
4603
9402
-618
-766
-9876
-8134
9766
7431
-4001
-5364
4805
-4056
9963
653
-9304
1076
-3048
-2615
-9917
1297
839
8553
-2556
-25
7905
7234
4919
-5241
292
1886
-7623
6777
-5122
-4429
2507
2631
832
2071
3394
1799
1646
8538
2358
-1967
4015
-6339
-8749
-8947
829
-1765
5315
3261
2160
-5209
26
-313
2709
1222
-9377
-4801
86
2661
2035
5351
2881
337
-7115
2222
-5630
5634
8744
20
4517
1203
-2159
-1128
5237
271
893
3807
-7482
7585
-7317
-2351
3227
-89
-6317
-2624
2740
-5304
-3346
-29
-9503
-3004
-1716
-4412
4282
6743
-9921
6948
4225
-3167
-2309
7044
-6040
-600
-5470
-3259
913
-1540
8820
3289
-2014
-7605
2792
-5841
-3934
5866
6179
4837
9381
-3133
-2472
-7871
3397
-6442
2219
6903
-9446
-5240
-9975
95
5210
840
-2694
485
-3171
-3738
-9964
-9278
-3976
-8070
9441
-5911
-7725
1341
-3238
6080
-6602
8076
-4786
7878
-8427
-8677
191
2756
-4136
5970
5348
-9893
-5343
-2530
9570
1137
9899
-6707
4395
7678
2720
-8835
1111
7228
9488
-3923
1629
7470
7317
-2537
-6062
3568
-631
4428
9554
-1927
7411
-8248
-8058
-8903
-4633
-9400
-2714
7240
-9548
2204
4905
-1688
3885
3475
4685
-1538
1577
-9468
3483
-2396
-1476
-4945
9675
-5561
-6180
-1665
-1672
-5792
4190
-807
8382
-322
-5656
7392
1429
7021
-9329
2326
-8457
7998
-5958
7595
-8633
5226
5467
-4051
-8062
6515
1789
-2287
12
4715
-2063
6710
5248
-9051
-9882
9207
8529
3930
7104
-8161
-7177
-1155
-3946
2092
-7180
6884
3963
46
3985
-3621
4275
8647
1070
4517
3786
-3000
-8389
548
7845
749
-2701
-7782
-2302
2714
-9609
-4837
-7505
7723
-8995
-1842
-9954
-6354
-2727
-1702
-9234
-4527
4755
-8710
-2131
7919
843
970
-4214
-2719
-2696
-9964
-2404
-694
-7219
8426
4471
4361
-2954
4565
4005
-492
6836
3348
-8572
5151
6243
-7774
-7505
-1423
8917
-9287
-5120
3937
-2800
703
8021
6680
7600
-2975
-5689
9387
8289
24
-2397
-7767
3104
-5555
-289
5677
1276
2605
1637
6499
-9345
-4131
-7735
309
-5634
9726
1529
-6
-2911
-9492
-1818
2771
548
8604
4789
8004
-1303
1519
-2782
-2313
-6505
-1393
1981
7313
-2472
3105
-8757
-9130
6924
-843
7758
-845
-2378
4594
3507
8699
2098
1948
-7049
1124
-4946
7432
-5526
9401
642
-5775
-4192
-8117
6256
5483
1690
9728
581
-1901
-4500
5214
-9336
-4812
-5352
1498
-5371
-6032
-954
4311
6260
6286
-7798
-4656
-8707
9433
1030
-1523
-5443
8813
-5701
-3484
-1894
767
2518
8479
-3310
175
-7569
4210
3661
8683
5021
2599
-7042
4485
8463
376
-5409
-1267
2461
4989
-6871
7331
-9682
-9676
-1926
-7853
-5574
1985
2799
1576
4080
-1153
7630
-4584
219
-6338
-5432
-6126
8469
9551
-3716
-5162
1199
-6915
-6014
1362
-6179
-7864
991
-7053
-6832
-9397
6226
-8061
7276
-9351
-1982
8542
8521
-8474
-3312
-5416
1555
3679
-7968
4700
-6370
5129
687
2974
-8322
9170
-8609
-3832
-821
-5243
2196
1314
-4495
3234
7340
5661
6792
3191
-8059
-1084
-5797
-1203
649
-6362
-9852
3705
1559
-3273
-5087
-642
-8736
6979
-2289
-6498
-9724
-4533
9432
-9442
3813
-7961
3844
6904
9047
-3193
-5924
-6707
9313
617
4287
-7405
1959
4141
7087
1027
-2143
-4665
7586
-4962
-8314
1266
-8498
-8218
-6213
9074
-2822
-7613
6044
4642
2121
594
7339
-4948
-6570
3047
9478
6190
8834
6828
-3485
-8734
3796
-5161
4895
56
-3146
-1610
3204
-3696
6196
-6486
7101
-3990
-956
-3343
3362
7123
1921
-1652
-4623
-1717
2547
1493
-8126
-2042
-5578
-3991
9552
-8898
-1193
7578
2836
9286
-2022
3130
1763
5419
2215
-6445
3678
-2066
-7446
8539
7272
-3037
9318
-4154
4225
-5807
-881
-8738
8967
-7203
-1783
9390
501
-4832
87
-3778
-8852
8647
-612
-3063
1062
-6253
-1630
9352
-4580
318
8151
4725
-8649
-6083
-4878
9146
4773
7268
9160
9238
711
-2799
2211
9979
3708
-2453
-3619
1398
-2479
6634
7502
-7149
-8041
-1670
2315
5954
-2910
-8299
4121
2191
-5818
-8224
2751
4310
-3709
8722
-891
-8091
-8725
2672
-2738
5071
-6869
-5056
-7939
2415
1659
9978
9374
-8179
-9046
-2141
1539
8883
5593
4403
1055
-9054
930
-7974
-5417
2707
-28
872
795
-842
264
-4055
8227
-4201
7460
3357
-6924
2137
591
5922
-8046
75
-1028
-8678
-9588
-6238
9294
2080
3272
-5441
-2395
-771
-9235
3105
5022
6678
-4177
7536
6664
6880
6059
3658
137
7781
9442
9453
3549
-3620
5649
7854
-3500
-9255
2847
8801
-851
-3159
-6747
9535
1283
2947
5615
3841
4918
481
7585
-3266
7816
8233
-6513
-5224
-4201
8154
8123
-8827
5130
-7747
8008
7380
1792
5287
8646
7967
-2364
7128
7675
-3794
-9556
-6039
-5890
-6084
9936
-6537
-9097
3620
-7947
-2381
-3714
713
-7131
-856
-5367
-9268
-162
6462
4172
118
-3536
2454
-1973
9673
1053
9132
-6879
622
-9219
-7673
2114
-2553
7161
-7884
12
-9360
6397
-8160
9611
5101
-9396
454
-4967
-7082
3573
3997
-5628
-9073
-3562
8534
-669
-7207
-6678
5905
9720
-8190
-3898
-5272
-3290
-7291
-901
-3971
-2350
-443
7889
-7320
7761
282
8648
-1814
1987
3797
-1640
2527
-203
-5119
-364
-202
-1355
-5361
-2205
5301
2296
-1321
1287
9474
-5142
-5662
3031
-5467
-8836
310
4839
6473
-6565
1630
-5913
7174
435
-5552
6874
-980
6318
4962
376
-2530
9877
-5836
143
-6092
723
5197
-9499
-1096
757
-9347
-8483
428
5534
-8554
8338
-4404
-9671
-8893
5483
9525
7929
6297
4518
-1351
8630
8840
5084
-7647
3723
1859
-1798
-6195
1643
-5719
-6915
-6288
251
-7761
-8258
-9050
-1129
-7385
9238
9386
2929
-260
-2601
-3690
848
6264
-6658
-1663
-9547
-9423
-162
-8123
-9342
6495
-6923
6107
3510
2656
9568
4239
-2790
8086
192
6329
-9052
-2402
-1210
3527
-2219
-5848
-6296
3415
1501
3378
17
-1996
3516
-9051
8171
-1791
-3030
-361
2606
9307
9794
-1145
-8150
265
7085
-5164
1043
9799
-3202
7028
8173
-6059
-6847
-69
4133
-9104
-7399
-6183
-6204
9429
-4108
-8301
5265
6670
9070
-6776
9951
-4356
9365
-6532
4136
7205
3843
-5306
-3941
3744
1786
-4245
-7980
4878
8929
781
-6582
9071
7001
-2913
-9163
6035
4687
2719
-7061
271
3130
-5327
-23
8836
1379
8905
-8333
8045
821
1260
-7121
-8070
-4260
7916
6375
7436
-6454
-3
6047
6799
7706
-9757
-3565
7020
-9007
3240
-540
-3333
-7152
-8421
7566
4845
7981
-8268
1141
-5952
-2422
-2256
-9470
-9936
905
-5495
6563
-1424
-2188
-6323
1245
7535
8768
-9796
-5032
-6474
-968
1468
5742
6258
-5344
-5383
-43
-8151
5210
6675
-3011
-6615
-4566
781
-6590
2543
7300
3913
-1010
-1
6786
377
-7530
-2894
875
1906
-7671
3742
2674
-7097
-3701
3369
4767
6914
-4244
2268
4293
6678
-4731
-1611
-3827
-2298
8733
-602
-5466
-764
2620
4033
-7393
5329
-1684
-4158
4350
-1534
-2365
5411
6821
-7196
-9260
7614
-5576
-3644
-6654
-7006
-9777
-7448
2269
6469
2472
7051
4534
-4944
2934
3128
1228
-9153
2777
-4480
-8103
-8297
4355
3715
6480
7495
8396
2331
6537
-1505
-9871
-4509
9285
7445
6440
-1617
9636
7091
2259
9023
-4875
6041
7282
-343
-2593
4119
-8344
-7076
-3649
7021
-5518
3165
655
-6212
-9185
2501
-3333
4378
5726
8720
1485
7352
-7173
-9224
-6481
1153
-8882
603
-1139
-9207
4800
8030
864
-957
9016
3879
9231
-3714
6521
-5273
6000
9553
1609
621
1040
-5033
2214
-8742
8780
9035
-2937
2280
8221
7965
9646
4966
4774
-2949
5938
-1471
2675
-881
7437
-3438
-1915
8449
-2357
-5856
-5413
-9631
527
-7196
1202
-6390
-8072
9991
-5745
210
9307
-9495
-1345
-1636
7520
-5586
-4014
-3725
-9184
2321
3559
5046
-9933
-1718
-7935
7145
285
-6369
-8838
9290
608
-5616
-2621
9169
-6889
-9871
7893
-4782
550
-6939
8627
4071
5274
4558
6009
7583
-8856
554
4529
4017
-3037
8352
5988
-7150
-6194
-5796
525
-3950
8973
-2582
-3207
9964
3617
8175
1895
531
9092
4966
6811
8233
4652
9682
-9534
6024
-4644
7608
4104
-3954
-8022
5530
-1339
263
-2571
-9983
-7246
-7326
682
3823
-7987
-8146
3289
2411
-6281
1994
-91
-9423
-2571
7613
-7426
1142
-4981
-8480
-7160
-1640
-3345
1913
-8138
-4313
-9627
4169
-4358
-3126
-7789
-9129
-3769
7836
-6952
-8273
-6527
-9264
7256
-9691
8230
-6392
8984
434
-6726
8892
9582
7493
2210
3424
-7029
6665
8822
6992
-5840
-9839
-9091
-431
-844
-393
-5925
6747
501
2569
7838
-5283
-9963
286
-9847
805
3107
-6621
-106
-3212
7243
6849
2596
-4666
5996
6239
-2899
4211
-5024
1320
6882
-9270
4046
504
-9246
-7497
584
-1737
7408
-4426
-3983
-4437
9702
-5681
-4016
-4259
767
4386
-2086
590
-406
-5192
-6227
7485
-4639
151
6565
-4484
511
8175
4169
-1882
1933
1627
-4208
4630
6606
-9824
3605
-5079
1655
-3223
-5303
532
2307
-4575
-4721
7079
-6573
-2512
5384
6098
1955
6647
814
4298
-6321
3195
-3664
-4501
5586
1057
-7515
2083
-7405
4578
7184
-7423
1567
-5641
-4713
-8911
7186
-1001
-3816
-9843
1851
1864
-1377
-5997
-1382
-1648
6122
-7528
8313
-5937
-2593
-2705
7966
-4824
-7152
3414
-2819
-2100
-9292
-4434
880
6755
-3609
8219
6255
961
2533
-3717
-6668
7558
-9584
-8117
-1290
94
5163
3739
2218
7691
-432
-848
388
-5951
5077
9129
-5877
-2612
-2848
-5728
-8774
-6426
8164
-6732
9783
5580
4755
-571
-5066
-5463
-8995
3249
3080
-1100
-6884
-5241
-8870
-3489
-2239
-5075
-8823
-4043
1701
7092
1256
-4314
6671
-6616
-3625
-6833
-7330
7258
2736
-7144
7913
-2436
2395
6614
3355
-946
3499
-5365
-4645
-3359
8531
-2250
4890
8310
-883
8673
-9479
-1835
-3706
3094
2280
-1521
7355
-6336
-3511
-5725
5188
2179
-7053
7154
-2051
-6424
7344
-986
6982
4228
-6867
5463
7673
-4935
-695
2278
6705
2688
-4177
1324
-787
6616
40
1407
6849
4558
-3453
-8370
13
5098
-7284
-9244
4819
6259
306
3020
-9499
-6276
9021
-5435
-1134
3399
-4672
8748
-1018
-9270
591
-9272
3625
-7443
1464
-3451
-9086
2846
-9278
2556
5825
-8870
-3733
-3551
-7692
-5775
939
4301
-3276
5224
6962
-2709
4770
-6394
-9768
-582
-1932
7260
6666
-6635
5362
-7270
8627
4287
653
2107
-6312
763
-4883
-3006
322
-5811
6434
-409
803
6893
3639
-9317
-7698
9195
-8745
-1648
-7612
-1081
-2647
-4608
-4344
8947
-2318
-5207
-2494
7942
8632
5692
-5750
9542
-6169
6088
-8748
-1118
3926
5082
1081
2677
-2977
7872
-1285
-6484
405
464
9155
-3182
-8938
-1753
9826
728
-2072
5718
-6076
-8828
7732
547
3721
1845
-960
-2764
2615
189
812
9657
-6351
6261
-1845
-6814
-5804
9100
-6708
8730
-4056
7699
-8350
-6583
-3182
9721
-7311
9975
5116
4937
8765
-8033
3407
-5263
4231
1896
8856
-2528
7719
158
5849
2120
-3192
-7221
7955
-4398
4078
2385
-5115
3190
-7486
-9333
-9129
1145
-3815
-9809
8959
-8589
6511
8010
7698
-2915
8735
8992
4728
-4658
7828
-2582
-5396
4199
534
-4857
7346
1161
8543
3613
-5772
-4499
-9236
-178
1878
3767
1916
-5
-6520
3885
-1384
-225
-6423
-7714
8599
-15
4634
-3344
2344
-964
-4350
-3416
8294
9978
-5913
6128
3950
-9118
309
-7535
-1613
4850
184
5344
6545
9435
4462
3444
-9297
6909
-9128
2721
-1083
4954
-6146
5541
-2589
-234
6899
3771
3750
-2173
7500
2119
4678
-5764
-1888
-8343
8457
-1871
6672
-4309
-5147
-209
-8127
-1403
-9982
404
-5200
-6912
-2065
7896
5734
6033
-2752
3101
-1402
1582
4406
-9023
7291
-6257
-4342
3201
-6098
-1635
1165
-6439
-8680
2769
-5145
1722
-2856
-8313
8361
-8387
-8121
-8466
-5428
680
224
5296
-6553
5924
110
2228
6542
-2250
-9628
-3734
-286
-3588
4295
3193
6807
7613
-2612
7526
-731
-3473
-7453
8183
3043
-3949
3864
9079
-7070
452
-8976
-5055
-8972
1291
-1524
-4686
-3295
8357
9086
-5348
-1755
6813
-1105
9232
-7189
1125
7117
-5869
-8315
-9489
-6593
-390
270
8413
-1114
2843
8348
-1177
5276
1775
-1285
9021
-627
3277
3069
2250
1838
-682
-7957
-2154
3672
-7189
-631
-3991
141
6242
5153
506
2743
4681
3490
5775
8535
4963
-6424
-5763
1025
3430
8860
4229
1109
-8426
-4233
-4810
9186
1355
9698
9880
4505
-5460
-3251
-8718
2021
-9793
4718
-2409
9906
-8343
-9865
2406
552
2001
-7632
8004
425
-1811
6804
3242
1591
3129
-2172
-3030
-4992
-8285
3691
-1422
6524
4767
2816
-9905
-3124
-2817
-2313
-7736
-9380
-7604
-599
-2509
-1306
-2870
-7218
1070
-4089
-7578
3227
-418
-2053
-505
5249
-1772
-4765
-7864
7650
9934
1742
-4952
2710
8591
9405
869
-6013
-891
-9754
-2541
-4700
-7383
2419
7484
7109
-1027
-5579
-7138
-6929
6850
615
5947
-4580
6413
9841
-2606
2258
1662
379
8190
-2882
-1881
531
-8116
384
-3869
-5032
2539
-5077
9174
-2747
7639
8951
-9969
-8322
-1758
-3337
-3522
-8012
-4458
3614
-6990
7731
-2863
3645
-8215
7083
4358
-1652
5420
2229
-3670
-1229
-6653
-5196
-1333
2702
-9324
-5597
-8740
4256
804
6394
432
-5657
-9684
-6100
9922
-3821
-7181
5874
446
-3668
-7356
1277
-7253
-8352
-9446
8067
5214
7712
-7903
5584
4597
1072
126
5306
-2629
2818
-17
1678
8803
-8921
-3403
7167
-1720
1812
4749
-5142
9817
5474
-4911
9580
-9630
-8882
-7137
8574
-2836
-7023
-9034
1060
-1834
2800
-8287
-3528
7519
-9681
4298
-1874
-1641
5530
-532
6280
-9326
4594
5013
260
518
7870
572
7494
2997
4183
950
8717
-349
2247
-6559
5164
-3816
9107
-9209
7508
-2975
-8005
9683
2777
-7107
8493
-4121
-2619
5213
6722
7724
1776
6498
-8503
3451
3947
-8510
59
-6913
6708
6783
-1473
-1661
-3265
-9432
1430
-8426
4677
4865
7304
1861
-1485
-9814
-3710
5320
-9892
8947
3249
-7984
9929
1322
846
-6703
-8331
-9378
-6180
-8990
-9562
695
5076
-5426
1031
4908
4071
7245
7020
-6028
9397
-4711
-9635
4015
6628
-3362
-7145
-7724
-1410
-9319
7014
1002
-312
2405
7051
-5404
1401
-114
-7132
9305
2891
3767
-9720
-2432
2531
-5613
-6160
-2554
0
6109
1927
4329
3342
-9001
5805
3236
-9991
-9711
1403
-6145
5260
-3924
-3405
401
9323
-967
-7282
9089
-2463
1858
4131
-6253
4728
-8869
-6823
-9281
-9747
-2170
-6810
-1257
-5869
2932
793
-7830
-7719
939
-3848
3823
-8965
3032
-2473
-9939
8626
8353
-1841
6413
7472
4561
-3519
-8718
6260
-7942
-3017
5742
-3728
3903
4209
-8583
8932
-9818
5410
-5504
3731
-9634
6360
7872
-78
3734
7370
-6320
-6825
6207
1780
-1503
9478
5183
4443
-1507
4786
2890
-3070
1783
-834
-2511
-6131
4783
9820
7375
-462
3105
5698
-370
6356
6752
2285
-5101
-4470
-5254
879
2900
8132
4555
-295
9951
1802
-3241
4464
3573
-7084
-1316
8745
-1313
8846
-863
9846
-7982
-7988
6628
-3435
9012
-3222
-6040
3262
-1280
5091
9117
4614
4013
7632
-8386
-3925
453
-1386
-9358
-8766
6773
-5343
-8737
3141
1098
4132
7512
9126
-1093
-3349
-9684
918
8591
4145
-2887
-2877
6388
-9397
-4261
4556
3794
-3557
4313
6787
1946
-7374
2899
253
-5173
-2094
-6745
5718
2421
-9164
7624
-2983
-6833
6962
6914
-3036
1360
-7404
-917
-4508
3549
-3727
-4250
1351
4613
-5636
-9226
-9244
9355
-4323
3632
7629
-2468
-5981
9479
-4108
-1502
-1233
-5355
9016
-4819
-8890
-8943
-1468
3023
5403
5793
-5997
-7544
9544
4631
6645
-6908
1343
7621
2224
-8485
5873
4418
5048
8523
-3487
-2097
-4184
-6392
-8550
-2437
4014
-5019
8360
-750
-6950
-7008
2629
7528
5483
-1647
1047
9456
4172
1640
-7258
-304
-6829
7905
-2213
-9308
-1017
2754
-7977
6450
-3803
9367
6173
1735
6748
3664
3017
32
-8893
-4805
4520
89
1621
-3682
4685
6524
-741
835
-272
-4250
-5818
9104
-5403
-5113
4941
-6305
-4545
-3247
8105
9258
-6050
-7673
2843
-5374
-4587
-2005
5207
1226
-821
3061
-2841
1271
5026
3950
9775
2172
-3784
8808
-1428
3349
-3980
711
-4094
4870
5763
4413
-6700
7201
1603
-7705
3872
-985
-3174
4160
4512
-5276
-1387
1888
-3205
-2703
3313
-9313
2419
8621
-6613
8899
4123
7907
-7225
5411
-1430
4777
-853
5590
-9929
258
-7744
9109
-2197
6760
343
193
-1917
5054
558
-3505
6507
-3854
-7058
-1478
6205
9543
7849
8169
3406
-2507
3597
977
-2901
9707
-5752
5210
-3652
3236
3257
3384
6114
4911
-5110
-376
374
9054
-9974
-8228
3059
5489
-8980
-138
4128
-8278
1854
-8487
5001
-9588
3922
3886
-1027
8874
-2809
-3559
-2686
-9074
350
5805
6961
8220
-7051
-5029
2147
-1379
-6927
-9031
-8355
1854
4322
3394
-3705
-450
4264
-3350
-2124
-2154
-3196
77
4653
33
-5275
-171
-2741
-1472
-9932
5282
3259
2988
3001
213
-6863
3658
6427
2601
7524
3912
-3354
8299
5507
-7194
8560
-3779
2633
7182
6793
2826
-4004
-7045
-6903
5830
275
6091
1857
-350
8678
7451
-7562
2201
8587
5411
8159
-2315
5192
-487
2073
9799
1933
-9459
227
-4210
-6310
-9038
-7755
9242
-6373
6387
-7881
3880
2087
652
4104
-5687
1451
8475
6504
7224
-1654
4366
1288
8378
2571
8961
-1403
-4674
-8862
-6257
6317
-9633
-2323
-137
758
2134
-9626
-8898
7535
1027
3491
7797
-1054
5065
-9785
-6442
-4963
4595
4755
-9592
9630
-6355
-760
4208
4517
4535
6256
-8414
-650
-5499
3959
-6966
5154
4163
-5192
-8458
-6755
6971
2811
6450
-9892
1179
5669
7844
8072
-2941
3249
-6184
-4854
5605
2548
8031
-6540
-1276
-9443
-5273
6749
-8905
4553
-8067
7894
-5735
3955
-1296
-2858
1730
-7067
-7693
6780
-5744
-1729
-9062
-6895
1215
-3911
-5941
-269
-2649
-3595
-6315
-7265
-1228
1787
-9207
9020
-6765
-4073
7816
1619
4317
2908
-8840
-3626
5955
-9979
6789
6447
5323
-4552
8014
8038
-1135
1960
-8352
6148
-2557
229
3280
4619
-2277
-1169
5903
1825
-9820
-5752
1177
9370
7971
-1169
6171
-7280
-8991
-2993
3843
1364
8202
8720
-2575
7518
-5375
-3116
1011
8615
-9368
-8147
8103
7648
8461
8089
-8129
8022
9331
3628
-8707
-9292
3651
3886
6757
-4242
3682
9240
4654
7794
2774
8172
9386
-3216
2063
-883
1854
738
2316
-380
4148
-618
2827
8714
6681
-7229
-3020
7086
513
-7503
177
-8505
3714
5907
-4372
-4842
6744
2698
-7601
-4889
5775
-1548
8909
4820
-8938
9124
3822
-245
-6938
8265
9585
-7618
4845
-4975
9355
-3903
8307
3607
66
-7590
-1079
-3908
6513
-4248
4615
-1192
-1677
4717
-1796
-7837
-7970
3544
-5073
3440
-7621
-9932
-8401
2452
8626
-6145
6492
924
6151
7952
-4591
9975
-5886
-7721
-1822
8072
-8250
4598
27
6896
738
2391
-5959
-8542
-6373
3582
-6019
-6569
-3135
-8205
3882
3767
1452
-4416
5246
-7659
-3601
-7591
3703
443
-4030
721
2421
-5456
-5683
462
-796
-1987
-2037
7214
1736
-310
7999
-1564
-1591
1870
3712
1265
-558
-6034
7711
4092
1081
-3952
31
-632
-8118
3061
7168
-2622
18
3828
4436
5805
-5777
4945
-4693
8633
-384
1127
1199
6882
-9133
-179
1335
8329
-5415
2074
-9215
-2859
-4513
-6422
-6468
-4321
2765
-7815
3709
-1848
9373
6316
6921
3448
-5360
9089
-8509
-7036
-6024
-9974
5372
-7271
-5547
3169
5346
9354
1925
-2358
-174
-7358
-1397
-981
-6088
1715
554
9779
-5924
-4166
-5562
3024
-6831
-1403
-314
156
-9697
-8199
3303
-7487
-5989
-1188
-3711
8428
858
8504
4172
-3387
1311
-9712
-4736
-5637
-3737
-6767
-8784
4721
-2262
-7198
-3974
-2687
5082
5833
-6649
-9281
-8071
8757
-785
7858
-1657
2937
-7612
3777
-5830
7389
-2118
-5406
-2335
-5043
3653
8769
2312
-3911
367
-1099
9829
-7735
-766
9793
7593
3800
9199
-5624
8398
-8575
2350
-3618
4690
806
491
-2149
4613
3034
-2039
-4277
6734
-5130
-4717
-1873
2389
4903
4919
-1276
8741
-4627
-165
-2651
-2057
2523
3764
-9229
-6153
-6093
-318
-3445
-9828
-1422
-2902
-6132
-6619
-44
5940
-1864
6124
-1084
1702
7155
369
-9472
2381
8581
8559
973
-2049
3739
2019
-1182
-8339
-3287
-9651
-4606
8188
1228
5702
-6520
5682
5987
1473
1769
-1673
1458
-6119
575
-6976
6699
7064
3982
-5946
-9641
3397
9490
-87
-7588
972
556
-4161
5877
-1131
-3469
985
-1441
5117
4096
2410
3115
4471
-123
-1304
-4104
1315
5666
-9781
650
-5074
9989
7107
-6484
5027
-2697
3761
-1247
4946
-721
-3378
6280
9608
5868
-4336
-1440
-2603
2294
5722
2148
4233
-4637
-5575
-4355
-4517
-4187
6355
9574
3079
9469
-9645
-1763
-7961
6732
-3658
8750
2642
2047
-7952
-796
6857
-7127
-1574
-3424
-5296
2299
-2506
-5819
-8733
-7589
5596
7189
2115
-6062
-3404
857
-1247
8002
-3892
-2572
233
1918
-4818
7015
4312
4543
-5892
9828
3101
1347
1361
3369
-2676
229
6967
-2710
4603
361
-1268
-4473
-7925
7918
-4971
2847
9269
9208
-1694
9124
-634
-3153
2808
9336
3797
-3815
-5539
-4436
-5332
-3957
-5395
-4382
4233
-4
6963
-1076
-8755
9551
-1064
-6375
5799
5321
1626
6792
59
-7371
-6489
-2643
7427
-471
-7356
-7593
6548
-8711
-2310
9888
8498
7649
5548
8708
847
1142
4573
7257
-5870
-1251
4434
-2483
-5880
1550
2191
-4397
-9579
-7270
6306
-2485
-25
-336
-2837
-8397
7126
7386
5444
8678
-9151
1456
9630
9025
-6410
-2681
-265
9292
9465
5304
-5369
3708
6539
-8693
3971
-8971
7814
-4663
-9310
-3346
-4043
-5713
-6671
-4125
-6436
-6433
3399
-761
-6547
6712
-3857
8543
-9554
8582
1771
2549
-329
-3142
-585
8750
-1781
4267
-5072
53
-5195
4214
5973
-5315
6989
5583
-2486
2506
1818
5944
-7509
8315
-3209
454
4994
-8494
-3196
-8272
2614
2603
-8018
3100
2027
-8350
2351
2974
-7437
7831
15
-1227
-3226
-7888
8707
-3456
-2037
637
364
7463
9581
2351
2199
142
9697
1490
-4573
-5065
8650
-6709
9108
-4269
-6283
-3278
8507
3016
2415
9215
2199
15
9309
-8896
8578
6795
6266
-1180
4748
5903
9652
-6562
1028
2965
1543
-3587
-3743
-679
6382
-8814
8759
7846
6727
3019
4407
-509
5578
-9054
-1344
1651
-5155
8392
8757
-1581
-1586
-2723
-8909
-7136
151
-5826
-8874
-9728
3341
-1433
566
-4439
4666
-5370
-2362
-1166
-2700
-9684
-4734
-4611
6808
2217
-8986
297
649
-621
-4268
-2908
-7988
-51
5451
-2364
2008
5539
-3893
-4762
2145
8067
-8111
7688
-6016
3484
-6223
3252
9520
-8196
-4884
-8507
940
7266
7491
4054
6595
3207
-2430
-3716
408
-6746
8058
-5612
6409
-1155
-2898
5127
-6637
1736
4087
320
-9187
21
3849
6007
-4964
-4903
8837
-8620
5208
2631
-9816
-7526
7184
-3539
-9455
8701
1446
3970
-3551
8267
-475
5147
-1304
-6320
-9267
7720
2517
1536
-1696
1026
8318
3023
-1003
2020
-9039
-3687
-1234
-6931
8137
8242
-1273
3014
8371
-2103
-48
-3101
-2743
5794
-3066
4389
-9547
-6835
2416
5704
-4321
-9001
5453
2451
1964
-3931
-7338
9600
7537
5730
-6624
-7625
-8817
-8616
-4535
7726
784
4555
1972
9558
-1341
119
-8412
3966
1152
-7636
6278
877
-5890
-7534
-1192
6253
-3412
-4830
-2529
-4525
5957
1456
304
-4708
6550
-2731
-5863
-9783
-3291
2992
-8904
1258
8946
-3250
497
-9956
8524
-6291
7670
6622
-9871
1166
-7236
-8388
-130
-9661
-6847
-8480
-2576
7096
3957
3526
-532
4765
-9585
-6463
-9452
-6748
6943
-4260
7486
6801
2867
-7565
-4690
-2952
-4815
4080
-7832
5090
-5031
-2466
670
-4968
-5468
-1744
3788
-8473
-6811
9474
-7118
7729
-1485
-5912
4416
4860
7052
-3195
-4913
423
-4555
7783
6303
4719
2598
6452
5129
-1618
-9418
-2406
-2507
-1852
-5098
-9824
-7698
-2449
7476
-6415
-9146
-3320
978
-3383
-4664
3132
867
-3129
-3916
6486
4082
8409
-2888
9633
9142
-9479
-1701
7650
-6260
-6362
5357
6468
-8990
-404
-5076
7779
-5592
1972
7830
-6063
-6515
2248
6272
-2911
-8500
-2014
-3990
4499
9560
-9938
2761
-5501
7308
2596
6043
-6861
3086
-4571
6322
-6083
-636
7810
-7436
9424
9116
6331
5263
-348
726
-5094
-9499
110
-4995
8036
1098
1311
1534
7671
-498
-3497
960
-1736
-2846
3906
5923
7638
3138
-1579
2862
9812
-5885
1026
-7320
-1524
6997
462
-2548
-7164
3805
-6461
-2187
-2547
4389
-155
-9777
9063
-3973
4532
-4367
8929
-1758
2057
3945
-7122
-1500
1666
-5393
5255
383
-8544
549
6695
4538
1928
3136
-5240
-1686
8474
9951
-7050
-2059
-5877
-8464
7839
7643
-538
-1762
-2468
9898
6354
-5203
6489
9018
715
8074
-9457
-4526
9798
-2385
6589
-2210
-4461
6346
3646
-8681
4789
2605
8517
5380
-3126
3511
-4399
-5229
9693
9015
7490
364
-9757
-3771
8166
-4230
9292
-9424
2592
2639
-5556
-6707
2886
7016
4960
8767
2163
-4023
2362
5790
-6431
4722
2364
-6212
707
-5197
7186
-4820
288
2998
-8831
-3589
-2125
-3556
4288
8161
-6058
-3384
271
8274
-2366
-8806
-9214
7870
-8147
-3471
-2012
1253
2184
7605
3450
7667
-2294
1786
-7836
-7526
1446
4775
-1438
6459
-6133
9709
176
-3352
-7279
-5422
5933
-9064
-7621
8942
6288
-5156
6388
-7981
-491
5389
3879
8480
9512
-5928
-2580
8502
-7986
-7218
-3776
-6483
-2508
2039
9320
-7914
1044
-2312
8568
-1209
-3068
-1060
-4160
7151
8504
-8261
-1328
-9716
3479
2713
117
9734
8704
9684
5975
4149
-4137
-3580
756
-3990
2750
-8341
-6812
4548
764
2417
-3188
-5291
7690
3086
-1916
-4863
-984
7406
-2685
2000
6332
7095
8625
3564
4512
-299
9167
-670
-6309
-6684
-1308
-8416
-1291
840
-905
-785
9110
-1416
7906
609
-3061
-8346
7078
-8172
8567
2483
7445
-2231
3816
6026
-9092
7896
-9121
5470
-6259
6822
-962
-9924
8280
358
1190
8718
-4931
-2846
1828
2031
-4678
-7668
1562
-9300
-5072
-9966
-784
3228
6029
684
9821
4287
-9896
-6620
-8296
-9000
-9631
2385
-1550
-4516
-348
-3205
-8088
-7067
9510
-9255
-88
-4461
-4704
-1867
-5463
2543
9219
-4931
4067
2936
-8388
-1246
4436
832
7479
-2368
-9103
9909
9526
-2290
190
-8979
5265
-2885
-8022
-5817
4667
1105
-5299
2281
-6464
6419
2999
2150
-7256
-4185
7378
-3563
3372
7045
3924
-3923
9471
5953
-8810
9749
5996
-3487
5270
771
-9452
-4512
-6822
7023
-3971
-9110
450
-4658
-7195
694
1852
5655
9597
4677
6252
-4120
-1250
8449
-4232
5676
2718
3033
2653
-6407
6008
7394
-1753
-1096
7876
-8583
-3871
-5156
8196
4515
59
6955
-1997
-7922
770
-5858
3822
2187
-2513
-7976
-1925
7447
-2511
-5951
-2768
7565
-260
-9943
-796
1145
-875
-6329
-2171
-5575
6609
-3036
-9099
-840
-3210
7810
-6517
-9962
6196
8000
-3113
4475
1664
-2028
209
-9034
694
7731
1915
6780
7303
-5912
4976
-8594
9667
600
-4227
-560
3498
-4818
9140
422
-6857
-3451
8821
1611
3824
3972
5532
-1310
6873
-5449
-9062
-1889
-7588
-213
5208
5072
-3799
-7627
-981
-2512
-4754
7476
7044
3694
1470
-4290
8185
-4726
-3482
-3823
497
473
-3698
8373
-8210
-3843
881
-4251
-2572
2528
-8644
-220
-7853
-3999
6205
7273
-5051
-498
3231
-5641
-4730
-3094
-5572
5670
-1981
-8868
2620
5171
1497
-9566
-9672
-7398
-59
6745
-1775
-6753
-9374
4160
4202
1246
7414
5497
-3192
-3511
-183
-8277
6245
-7483
-4841
4379
-1564
-4555
3711
748
6840
5124
-7343
1187
4111
-960
1133
2638
3984
4221
7714
-5347
9238
-2696
-7736
7362
9800
-7843
194
-6770
7390
4252
-7515
-2911
3597
-3398
6108
-3610
8230
-7462
-5962
4058
-7736
-8420
-1377
7328
7512
-8245
5090
-2489
9033
-1234
7570
7405
-221
9184
-6489
2120
3047
7145
-3141
-5382
-6094
186
-8265
1159
-7177
-4237
-8319
9434
3129
1761
-1057
-6719
-6418
-7751
-7028
8120
-9157
-5159
2482
3610
-5912
5302
-1899
-890
-1587
2594
7621
6316
5134
-9283
-4383
-4501
-9692
-1784
-3885
755
2274
-4017
-6303
1561
-2132
4870
-9274
7406
-8468
-1527
8625
4758
167
-6464
-5655
-6565
3221
-5041
5369
6581
1227
-7207
-552
-3501
5564
-8345
-8464
-2793
-293
-6968
-4105
2771
-6224
4611
9432
-75
6040
-9863
-1556
1352
7003
889
285
1071
-4054
-1961
7891
2293
-7123
-4485
-7978
-4503
8137
-7577
-123
4415
7462
7362
2561
777
-2713
-769
-885
8116
1555
4861
1408
6804
8326
1061
-9863
-898
4961
1975
9541
2777
-7281
815
-8374
4358
5052
9990
248
-2473
-889
-4200
5742
-3326
151
-874
5688
-6879
3525
2042
1296
7014
-3113
-4954
203
-1850
7551
3988
8020
5860
3133
7738
-2669
8372
1443
-523
-7134
-9249
1656
2186
-6
2166
-5159
-3522
-7125
-3292
4380
-8361
4770
-3127
3596
-9733
4252
6534
8624
8363
-3025
-8669
-6747
-4410
7273
8691
3532
4202
-2485
5558
5819
-9979
-809
1421
-5875
-5691
6569
9904
72
-6040
1070
-8606
-1740
-1944
-6429
924
2942
5898
-5229
-9211
-858
1811
1655
838
16
119
-594
5550
-7079
-4249