2638
924
2238
8220
2059
2675
7845
1444
6156
8669
5768
9332
6127
3491
5196
6144
798
442
1237
3731
3606
7790
5126
1330
8569
765
2782
8050
2286
5757
1745
5864
6704
7329
3002
6749
2708
9731
7556
1599
7641
9409
6248
9640
5193
3323
7164
4352
3796
7145
5747
7785
2867
8140
702
4766
7488
8894
1425
2940
4917
341
1693
9355
375
8995
1281
6064
8038
9476
3047
1426
9278
5823
3349
9142
3320
5448
7745
6499
5564
6156
2728
2263
2456
3473
9434
4178
7064
8692
6655
9889
1518
3794
6005
1074
209
1275
2194
8251
6626
172
2525
2773
7169
4513
5590
2820
8730
3734
6134
9571
4951
7260
4200
5276
7577
1439
6347
7803
6461
5989
7496
5282
8732
1906
6178
683
2577
2761
9465
6889
7278
3673
5942
6676
3443
7023
836
115
9187
8974
518
701
9052
7300
9638
1024
3887
6601
7257
6800
534
8118
4505
4303
6595
5665
4664
2027
1
5652
4822
1961
7548
5697
8584
1388
2652
5247
7276
9647
5281
6283
6053
8521
284
9123
8420
8111
1721
8380
7283
221
1277
884
2598
5415
411
3184
2394
2248
5861
584
9118
8763
5369
6989
7989
5446
2968
9106
6668
4112
6881
9413
8579
2090
2547
6391
7240
721
4625
2258
7330
1123
7222
5580
2577
744
2483
9299
3631
6345
7224
2274
8835
6509
9979
7260
6306
8758
94
6620
1680
2518
5034
7546
9683
1770
6334
2138
8207
722
2141
7985
9304
156
1868
7811
3620
2322
8506
3181
6678
6407
359
9397
2843
8687
2343
8479
8370
4832
4306
2259
4545
5453
1059
2309
2921
9220
9366
8063
3252
5680
1500
7446
226
8971
3640
4394
2764
3898
9739
55
8035
2208
9613
7596
836
1908
335
1869
62
5146
8852
2724
2640
7620
4369
6967
1601
5853
4549
3799
7790
7384
6336
7198
5218
189
8417
7853
2806
5990
1979
2336
1976
8888
9211
7009
3071
7970
2961
7036
668
4994
1284
194
11
9519
8781
5829
6669
1597
5942
8963
3489
5577
2332
7064
4569
7568
323
4875
2019
2675
1716
7616
153
7000
5973
7281
2891
7852
302
7347
5019
4157
6984
4242
2516
2443
3977
8497
8304
5200
8925
4202
2025
1147
8163
8756
2658
8483
9263
9360
8206
5751
7362
5514
2111
2879
2609
855
4458
3050
7213
9892
5586
5212
6556
6822
7638
2061
6871
738
540
725
5357
8028
6870
7451
566
7004
976
8956
6072
9582
2194
6159
2798
9791
1164
5759
300
7013
7567
5645
4950
4855
4907
9603
8100
528
1018
1777
2578
856
1554
48
2710
5000
5293
2915
7115
2980
1324
935
6797
7166
7323
6205
9287
7024
9473
7801
4323
1156
4481
4455
2217
2540
6007
9329
5372
3082
9879
8794
6309
3468
6358
4709
2833
3842
8083
493
5821
8532
3836
4519
8480
2251
746
3957
1587
1820
991
4086
9680
8335
5631
7176
6131
8217
5625
7003
7079
5974
9453
3294
80
2947
5199
9926
2593
2985
8051
9569
6716
9369
8805
3422
8636
6759
4444
804
8256
7811
800
1034
2544
2980
351
8638
7785
5874
3277
1991
925
3700
3032
9948
7247
8206
30
8647
2382
8460
984
5150
652
8171
2326
5076
7265
4162
9513
8559
2475
5381
3080
6076
1152
8876
4665
3976
8378
4819
9507
8401
1482
8617
2248
8398
2157
747
3045
6447
4030
5407
5910
9459
9201
3998
162
8001
1198
5845
8706
4000
4278
5239
9231
8615
1278
8900
914
2991
8469
5014
6184
3586
307
4868
2689
6600
2499
6137
1322
8048
8790
4023
8494
8967
5579
106
3471
1298
1032
1355
9025
4231
6746
7748
7778
4556
9725
4722
3960
8137
7387
6014
4494
9270
7810
4661
1903
2362
2988
1124
3812
9378
1277
2619
7180
4592
3266
7510
8925
1415
1242
2872
3466
2625
9767
7959
8199
4976
4400
2090
270
6671
2988
4900
7329
3438
9481
4713
3274
7645
4104
817
2802
3258
9721
4339
854
1480
4256
1525
8776
3732
1077
6931
6177
4099
462
2550
1780
729
6259
2481
1347
9708
9181
3748
7823
7050
3880
2985
3650
1829
3026
2577
5066
4732
8233
6292
9040
2082
7790
6231
4017
9185
8229
8364
2615
1261
7575
1286
8042
7463
8215
9025
6759
3355
6515
5413
3830
1166
300
7039
3719
7737
6933
2921
3893
3852
1425
8567
4903
227
7449
2979
2941
4346
832
2282
7487
3814
3871
2957
1485
2628
5882
1131
9385
4393
2407
4207
3957
1712
6759
8864
7323
9632
9309
3870
3690
6884
8537
6300
4016
6564
8363
913
9825
322
3139
9665
6161
1944
6093
8676
3479
2921
1548
7460
96
9887
2539
5071
42
3811
9896
6766
4343
7820
724
2868
7028
9703
2636
1520
2610
7115
2324
1647
628
1505
6544
671
5081
3467
7716
7172
7213
9640
2820
7138
8845
1636
7225
2694
4347
940
5833
2111
2539
7134
4126
7008
506
26
2204
4438
4368
4144
3104
9510
5504
4858
7504
8856
319
2402
4266
3930
4317
8249
5975
6308
7692
6282
1939
9192
6088
2222
3670
531
4546
3502
2819
399
7495
8755
488
5377
2673
6861
243
4498
4703
8145
2500
2987
7491
4706
3688
8857
1926
1711
4038
3087
9635
1030
4393
5174
3519
6205
7296
2915
6775
2718
1321
6178
6863
2553
2426
1722
9256
3593
9841
8208
4943
8434
2594
496
4938
7022
3896
6513
4617
7175
235
507
6486
3817
4924
7205
5261
8020
4777
160
268
650
8642
1266
330
4362
7365
9687
1080
9731
659
9803
7660
7742
8035
2848
5974
5707
7456
5289
6949
2957
2017
7849
7375
382
2453
9118
6671
2685
6530
6017
4817
7943
5459
3193
7815
7835
5647
6815
2134
5660
2586
9028
306
6010
1428
6330
2231
2011
1698
3289
6811
3578
5465
5927
3860
6253
7835
5588
8052
9454
1116
25
5827
8450
881
5070
7684
2
2018
9452
5932
9097
8070
6275
125
6545
4244
2378
5935
5982
2551
8211
9487
8971
8254
1451
158
547
8297
9114
1251
1913
